{
  "2014": {
    "dataInfo": {
      "dataExtended": {
        "normal": [
          [
            0,
            13.4,
            46.5,
            27,
            51,
            8.15,
            6.53,
            320.41999999999996
          ],
          [
            28.1,
            0,
            61.3,
            49.8,
            40.8,
            5.65,
            7.74,
            316.61
          ],
          [
            100,
            70.2,
            0,
            120,
            121,
            13.5,
            23.2,
            962.1
          ],
          [
            41.5,
            39.5,
            85.4,
            0,
            40.3,
            5.05,
            10.6,
            348.65
          ],
          [
            44.4,
            16.4,
            61.6,
            39.3,
            0,
            242,
            67.5,
            978.8
          ],
          [
            10.6,
            3.44,
            3.83,
            3.61,
            331,
            0,
            10.2,
            85.32
          ],
          [
            10.4,
            3.61,
            24.4,
            9.74,
            128,
            11.7,
            0,
            501.15
          ],
          [
            238,
            363.45,
            1126.97,
            321.54999999999995,
            737.9,
            161.95,
            563.23,
            0
          ]
        ],
        "transpose": [
          [
            0,
            28.1,
            100,
            41.5,
            44.4,
            10.6,
            10.4,
            238
          ],
          [
            13.4,
            0,
            70.2,
            39.5,
            16.4,
            3.44,
            3.61,
            363.45
          ],
          [
            46.5,
            61.3,
            0,
            85.4,
            61.6,
            3.83,
            24.4,
            1126.97
          ],
          [
            27,
            49.8,
            120,
            0,
            39.3,
            3.61,
            9.74,
            321.54999999999995
          ],
          [
            51,
            40.8,
            121,
            40.3,
            0,
            331,
            128,
            737.9
          ],
          [
            8.15,
            5.65,
            13.5,
            5.05,
            242,
            0,
            11.7,
            161.95
          ],
          [
            6.53,
            7.74,
            23.2,
            10.6,
            67.5,
            10.2,
            0,
            563.23
          ],
          [
            320.41999999999996,
            316.61,
            962.1,
            348.65,
            978.8,
            85.32,
            501.15,
            0
          ]
        ],
        "net": [
          [
            0,
            14.700000000000001,
            53.5,
            14.5,
            -6.600000000000001,
            2.4499999999999993,
            3.87,
            -82.41999999999996
          ],
          [
            -14.700000000000001,
            0,
            8.900000000000006,
            -10.299999999999997,
            -24.4,
            -2.2100000000000004,
            -4.130000000000001,
            46.839999999999975
          ],
          [
            -53.5,
            -8.900000000000006,
            0,
            -34.599999999999994,
            -59.4,
            -9.67,
            1.1999999999999993,
            164.87
          ],
          [
            -14.5,
            10.299999999999997,
            34.599999999999994,
            0,
            -1,
            -1.44,
            -0.8599999999999994,
            -27.100000000000023
          ],
          [
            6.600000000000001,
            24.4,
            59.4,
            1,
            0,
            89,
            60.5,
            -240.89999999999998
          ],
          [
            -2.4499999999999993,
            2.2100000000000004,
            9.67,
            1.44,
            -89,
            0,
            1.5,
            76.63
          ],
          [
            -3.87,
            4.130000000000001,
            -1.1999999999999993,
            0.8599999999999994,
            -60.5,
            -1.5,
            0,
            62.08000000000004
          ],
          [
            82.41999999999996,
            -46.839999999999975,
            -164.87,
            27.100000000000023,
            240.89999999999998,
            -76.63,
            -62.08000000000004,
            0
          ]
        ],
        "gross": [
          [
            0,
            41.5,
            146.5,
            68.5,
            95.4,
            18.75,
            16.93,
            558.42
          ],
          [
            41.5,
            0,
            131.5,
            89.3,
            57.199999999999996,
            9.09,
            11.35,
            680.06
          ],
          [
            146.5,
            131.5,
            0,
            205.4,
            182.6,
            17.33,
            47.599999999999994,
            2089.07
          ],
          [
            68.5,
            89.3,
            205.4,
            0,
            79.6,
            8.66,
            20.34,
            670.1999999999999
          ],
          [
            95.4,
            57.199999999999996,
            182.6,
            79.6,
            0,
            573,
            195.5,
            1716.6999999999998
          ],
          [
            18.75,
            9.09,
            17.33,
            8.66,
            573,
            0,
            21.9,
            247.26999999999998
          ],
          [
            16.93,
            11.35,
            47.599999999999994,
            20.34,
            195.5,
            21.9,
            0,
            1064.38
          ],
          [
            558.42,
            680.06,
            2089.07,
            670.1999999999999,
            1716.6999999999998,
            247.26999999999998,
            1064.38,
            0
          ]
        ]
      },
      "ranks": {
        "all": {
          "normal": [
            7,
            4,
            2,
            6,
            3,
            1,
            0,
            5
          ],
          "transpose": [
            7,
            4,
            2,
            6,
            3,
            1,
            0,
            5
          ],
          "net": [
            0,
            6,
            4,
            2,
            5,
            1,
            3,
            7
          ],
          "gross": [
            7,
            4,
            2,
            6,
            3,
            1,
            0,
            5
          ]
        },
        "pairs": {
          "normal": {
            "all": [
              "7.2",
              "4.7",
              "2.7",
              "7.4",
              "7.6",
              "6.7",
              "7.1",
              "3.7",
              "5.4",
              "7.3",
              "0.7",
              "1.7",
              "4.5",
              "7.0",
              "7.5",
              "6.4",
              "2.4",
              "2.3",
              "2.0",
              "3.2",
              "5.7",
              "2.1",
              "4.6",
              "4.2",
              "1.2",
              "0.4",
              "1.3",
              "0.2",
              "4.0",
              "3.0",
              "1.4",
              "3.4",
              "3.1",
              "4.3",
              "1.0",
              "0.3",
              "6.2",
              "2.6",
              "4.1",
              "2.5",
              "0.1",
              "6.5",
              "3.6",
              "5.0",
              "6.0",
              "5.6",
              "6.3",
              "0.5",
              "1.6",
              "0.6",
              "1.5",
              "3.5",
              "5.2",
              "5.3",
              "6.1",
              "5.1"
            ],
            "noSelf": [
              "7.2",
              "4.7",
              "2.7",
              "7.4",
              "7.6",
              "6.7",
              "7.1",
              "3.7",
              "5.4",
              "7.3",
              "0.7",
              "1.7",
              "4.5",
              "7.0",
              "7.5",
              "6.4",
              "2.4",
              "2.3",
              "2.0",
              "3.2",
              "5.7",
              "2.1",
              "4.6",
              "4.2",
              "1.2",
              "0.4",
              "1.3",
              "0.2",
              "4.0",
              "3.0",
              "1.4",
              "3.4",
              "3.1",
              "4.3",
              "1.0",
              "0.3",
              "6.2",
              "2.6",
              "4.1",
              "2.5",
              "0.1",
              "6.5",
              "3.6",
              "5.0",
              "6.0",
              "5.6",
              "6.3",
              "0.5",
              "1.6",
              "0.6",
              "1.5",
              "3.5",
              "5.2",
              "5.3",
              "6.1",
              "5.1"
            ]
          },
          "transpose": {
            "all": [
              "2.7",
              "7.4",
              "7.2",
              "4.7",
              "6.7",
              "7.6",
              "1.7",
              "7.3",
              "4.5",
              "3.7",
              "7.0",
              "7.1",
              "5.4",
              "0.7",
              "5.7",
              "4.6",
              "4.2",
              "3.2",
              "0.2",
              "2.3",
              "7.5",
              "1.2",
              "6.4",
              "2.4",
              "2.1",
              "4.0",
              "3.1",
              "2.0",
              "0.4",
              "0.3",
              "4.1",
              "4.3",
              "1.3",
              "3.4",
              "0.1",
              "3.0",
              "2.6",
              "6.2",
              "1.4",
              "5.2",
              "1.0",
              "5.6",
              "0.5",
              "6.3",
              "0.6",
              "6.5",
              "3.6",
              "5.0",
              "6.1",
              "6.0",
              "5.1",
              "5.3",
              "2.5",
              "1.6",
              "3.5",
              "1.5"
            ],
            "noSelf": [
              "2.7",
              "7.4",
              "7.2",
              "4.7",
              "6.7",
              "7.6",
              "1.7",
              "7.3",
              "4.5",
              "3.7",
              "7.0",
              "7.1",
              "5.4",
              "0.7",
              "5.7",
              "4.6",
              "4.2",
              "3.2",
              "0.2",
              "2.3",
              "7.5",
              "1.2",
              "6.4",
              "2.4",
              "2.1",
              "4.0",
              "3.1",
              "2.0",
              "0.4",
              "0.3",
              "4.1",
              "4.3",
              "1.3",
              "3.4",
              "0.1",
              "3.0",
              "2.6",
              "6.2",
              "1.4",
              "5.2",
              "1.0",
              "5.6",
              "0.5",
              "6.3",
              "0.6",
              "6.5",
              "3.6",
              "5.0",
              "6.1",
              "6.0",
              "5.1",
              "5.3",
              "2.5",
              "1.6",
              "3.5",
              "1.5"
            ]
          },
          "net": {
            "all": [
              "2.7",
              "4.5",
              "5.7",
              "6.7",
              "4.6",
              "0.2",
              "1.7",
              "0.1",
              "0.3",
              "1.2",
              "0.6",
              "0.5",
              "5.6",
              "2.6",
              "3.6",
              "3.4",
              "3.5",
              "1.5",
              "1.6",
              "0.4",
              "2.5",
              "1.3",
              "1.4",
              "3.7",
              "2.3",
              "2.4",
              "0.7",
              "4.7"
            ],
            "noSelf": [
              "2.7",
              "4.5",
              "5.7",
              "6.7",
              "4.6",
              "0.2",
              "1.7",
              "0.1",
              "0.3",
              "1.2",
              "0.6",
              "0.5",
              "5.6",
              "2.6",
              "3.6",
              "3.4",
              "3.5",
              "1.5",
              "1.6",
              "0.4",
              "2.5",
              "1.3",
              "1.4",
              "3.7",
              "2.3",
              "2.4",
              "0.7",
              "4.7"
            ]
          },
          "gross": {
            "all": [
              "2.7",
              "4.7",
              "6.7",
              "1.7",
              "3.7",
              "4.5",
              "0.7",
              "5.7",
              "2.3",
              "4.6",
              "2.4",
              "0.2",
              "1.2",
              "0.4",
              "1.3",
              "3.4",
              "0.3",
              "1.4",
              "2.6",
              "0.1",
              "5.6",
              "3.6",
              "0.5",
              "2.5",
              "0.6",
              "1.6",
              "1.5",
              "3.5"
            ],
            "noSelf": [
              "2.7",
              "4.7",
              "6.7",
              "1.7",
              "3.7",
              "4.5",
              "0.7",
              "5.7",
              "2.3",
              "4.6",
              "2.4",
              "0.2",
              "1.2",
              "0.4",
              "1.3",
              "3.4",
              "0.3",
              "1.4",
              "2.6",
              "0.1",
              "5.6",
              "3.6",
              "0.5",
              "2.5",
              "0.6",
              "1.6",
              "1.5",
              "3.5"
            ]
          }
        }
      },
      "entities": {
        "0": {
          "id": 0,
          "name": "UK",
          "totals": {
            "normal": 473,
            "transpose": 473,
            "net": 4.263256414560601e-14,
            "gross": 946
          },
          "ranks": {
            "all": {
              "normal": 6,
              "transpose": 6,
              "net": 0,
              "gross": 6
            },
            "pairs": {
              "normal": {
                "all": [
                  "0.7",
                  "0.4",
                  "0.2",
                  "0.3",
                  "0.1",
                  "0.5",
                  "0.6",
                  "0.0"
                ],
                "noSelf": [
                  "0.7",
                  "0.4",
                  "0.2",
                  "0.3",
                  "0.1",
                  "0.5",
                  "0.6"
                ]
              },
              "transpose": {
                "all": [
                  "0.7",
                  "0.2",
                  "0.4",
                  "0.3",
                  "0.1",
                  "0.5",
                  "0.6",
                  "0.0"
                ],
                "noSelf": [
                  "0.7",
                  "0.2",
                  "0.4",
                  "0.3",
                  "0.1",
                  "0.5",
                  "0.6"
                ]
              },
              "net": {
                "all": [
                  "0.2",
                  "0.1",
                  "0.3",
                  "0.6",
                  "0.5",
                  "0.0",
                  "0.4",
                  "0.7"
                ],
                "noSelf": [
                  "0.2",
                  "0.1",
                  "0.3",
                  "0.6",
                  "0.5",
                  "0.4",
                  "0.7"
                ]
              },
              "gross": {
                "all": [
                  "0.7",
                  "0.2",
                  "0.4",
                  "0.3",
                  "0.1",
                  "0.5",
                  "0.6",
                  "0.0"
                ],
                "noSelf": [
                  "0.7",
                  "0.2",
                  "0.4",
                  "0.3",
                  "0.1",
                  "0.5",
                  "0.6"
                ]
              }
            }
          }
        },
        "1": {
          "id": 1,
          "name": "Italy",
          "totals": {
            "normal": 510,
            "transpose": 510,
            "net": -2.1316282072803006e-14,
            "gross": 1020
          },
          "ranks": {
            "all": {
              "normal": 5,
              "transpose": 5,
              "net": 5,
              "gross": 5
            },
            "pairs": {
              "normal": {
                "all": [
                  "1.7",
                  "1.2",
                  "1.3",
                  "1.4",
                  "1.0",
                  "1.6",
                  "1.5",
                  "1.1"
                ],
                "noSelf": [
                  "1.7",
                  "1.2",
                  "1.3",
                  "1.4",
                  "1.0",
                  "1.6",
                  "1.5"
                ]
              },
              "transpose": {
                "all": [
                  "1.7",
                  "1.2",
                  "1.3",
                  "1.4",
                  "1.0",
                  "1.6",
                  "1.5",
                  "1.1"
                ],
                "noSelf": [
                  "1.7",
                  "1.2",
                  "1.3",
                  "1.4",
                  "1.0",
                  "1.6",
                  "1.5"
                ]
              },
              "net": {
                "all": [
                  "1.7",
                  "1.2",
                  "1.1",
                  "1.5",
                  "1.6",
                  "1.3",
                  "1.0",
                  "1.4"
                ],
                "noSelf": [
                  "1.7",
                  "1.2",
                  "1.5",
                  "1.6",
                  "1.3",
                  "1.0",
                  "1.4"
                ]
              },
              "gross": {
                "all": [
                  "1.7",
                  "1.2",
                  "1.3",
                  "1.4",
                  "1.0",
                  "1.6",
                  "1.5",
                  "1.1"
                ],
                "noSelf": [
                  "1.7",
                  "1.2",
                  "1.3",
                  "1.4",
                  "1.0",
                  "1.6",
                  "1.5"
                ]
              }
            }
          }
        },
        "2": {
          "id": 2,
          "name": "Germany",
          "totals": {
            "normal": 1410,
            "transpose": 1410,
            "net": 0,
            "gross": 2820
          },
          "ranks": {
            "all": {
              "normal": 2,
              "transpose": 2,
              "net": 3,
              "gross": 2
            },
            "pairs": {
              "normal": {
                "all": [
                  "2.7",
                  "2.4",
                  "2.3",
                  "2.0",
                  "2.1",
                  "2.6",
                  "2.5",
                  "2.2"
                ],
                "noSelf": [
                  "2.7",
                  "2.4",
                  "2.3",
                  "2.0",
                  "2.1",
                  "2.6",
                  "2.5"
                ]
              },
              "transpose": {
                "all": [
                  "2.7",
                  "2.3",
                  "2.4",
                  "2.1",
                  "2.0",
                  "2.6",
                  "2.5",
                  "2.2"
                ],
                "noSelf": [
                  "2.7",
                  "2.3",
                  "2.4",
                  "2.1",
                  "2.0",
                  "2.6",
                  "2.5"
                ]
              },
              "net": {
                "all": [
                  "2.7",
                  "2.6",
                  "2.2",
                  "2.1",
                  "2.5",
                  "2.3",
                  "2.0",
                  "2.4"
                ],
                "noSelf": [
                  "2.7",
                  "2.6",
                  "2.1",
                  "2.5",
                  "2.3",
                  "2.0",
                  "2.4"
                ]
              },
              "gross": {
                "all": [
                  "2.7",
                  "2.3",
                  "2.4",
                  "2.0",
                  "2.1",
                  "2.6",
                  "2.5",
                  "2.2"
                ],
                "noSelf": [
                  "2.7",
                  "2.3",
                  "2.4",
                  "2.0",
                  "2.1",
                  "2.6",
                  "2.5"
                ]
              }
            }
          }
        },
        "3": {
          "id": 3,
          "name": "France",
          "totals": {
            "normal": 571,
            "transpose": 571,
            "net": -3.197442310920451e-14,
            "gross": 1142
          },
          "ranks": {
            "all": {
              "normal": 4,
              "transpose": 4,
              "net": 6,
              "gross": 4
            },
            "pairs": {
              "normal": {
                "all": [
                  "3.7",
                  "3.2",
                  "3.0",
                  "3.4",
                  "3.1",
                  "3.6",
                  "3.5",
                  "3.3"
                ],
                "noSelf": [
                  "3.7",
                  "3.2",
                  "3.0",
                  "3.4",
                  "3.1",
                  "3.6",
                  "3.5"
                ]
              },
              "transpose": {
                "all": [
                  "3.7",
                  "3.2",
                  "3.1",
                  "3.4",
                  "3.0",
                  "3.6",
                  "3.5",
                  "3.3"
                ],
                "noSelf": [
                  "3.7",
                  "3.2",
                  "3.1",
                  "3.4",
                  "3.0",
                  "3.6",
                  "3.5"
                ]
              },
              "net": {
                "all": [
                  "3.2",
                  "3.1",
                  "3.3",
                  "3.6",
                  "3.4",
                  "3.5",
                  "3.0",
                  "3.7"
                ],
                "noSelf": [
                  "3.2",
                  "3.1",
                  "3.6",
                  "3.4",
                  "3.5",
                  "3.0",
                  "3.7"
                ]
              },
              "gross": {
                "all": [
                  "3.7",
                  "3.2",
                  "3.1",
                  "3.4",
                  "3.0",
                  "3.6",
                  "3.5",
                  "3.3"
                ],
                "noSelf": [
                  "3.7",
                  "3.2",
                  "3.1",
                  "3.4",
                  "3.0",
                  "3.6",
                  "3.5"
                ]
              }
            }
          }
        },
        "4": {
          "id": 4,
          "name": "USA",
          "totals": {
            "normal": 1450,
            "transpose": 1450,
            "net": 2.842170943040401e-14,
            "gross": 2900
          },
          "ranks": {
            "all": {
              "normal": 1,
              "transpose": 1,
              "net": 2,
              "gross": 1
            },
            "pairs": {
              "normal": {
                "all": [
                  "4.7",
                  "4.5",
                  "4.6",
                  "4.2",
                  "4.0",
                  "4.3",
                  "4.1",
                  "4.4"
                ],
                "noSelf": [
                  "4.7",
                  "4.5",
                  "4.6",
                  "4.2",
                  "4.0",
                  "4.3",
                  "4.1"
                ]
              },
              "transpose": {
                "all": [
                  "4.7",
                  "4.5",
                  "4.6",
                  "4.2",
                  "4.0",
                  "4.1",
                  "4.3",
                  "4.4"
                ],
                "noSelf": [
                  "4.7",
                  "4.5",
                  "4.6",
                  "4.2",
                  "4.0",
                  "4.1",
                  "4.3"
                ]
              },
              "net": {
                "all": [
                  "4.5",
                  "4.6",
                  "4.2",
                  "4.1",
                  "4.0",
                  "4.3",
                  "4.4",
                  "4.7"
                ],
                "noSelf": [
                  "4.5",
                  "4.6",
                  "4.2",
                  "4.1",
                  "4.0",
                  "4.3",
                  "4.7"
                ]
              },
              "gross": {
                "all": [
                  "4.7",
                  "4.5",
                  "4.6",
                  "4.2",
                  "4.0",
                  "4.3",
                  "4.1",
                  "4.4"
                ],
                "noSelf": [
                  "4.7",
                  "4.5",
                  "4.6",
                  "4.2",
                  "4.0",
                  "4.3",
                  "4.1"
                ]
              }
            }
          }
        },
        "5": {
          "id": 5,
          "name": "Canada",
          "totals": {
            "normal": 448,
            "transpose": 448,
            "net": 0,
            "gross": 896
          },
          "ranks": {
            "all": {
              "normal": 7,
              "transpose": 7,
              "net": 4,
              "gross": 7
            },
            "pairs": {
              "normal": {
                "all": [
                  "5.4",
                  "5.7",
                  "5.0",
                  "5.6",
                  "5.2",
                  "5.3",
                  "5.1",
                  "5.5"
                ],
                "noSelf": [
                  "5.4",
                  "5.7",
                  "5.0",
                  "5.6",
                  "5.2",
                  "5.3",
                  "5.1"
                ]
              },
              "transpose": {
                "all": [
                  "5.4",
                  "5.7",
                  "5.2",
                  "5.6",
                  "5.0",
                  "5.1",
                  "5.3",
                  "5.5"
                ],
                "noSelf": [
                  "5.4",
                  "5.7",
                  "5.2",
                  "5.6",
                  "5.0",
                  "5.1",
                  "5.3"
                ]
              },
              "net": {
                "all": [
                  "5.7",
                  "5.2",
                  "5.1",
                  "5.6",
                  "5.3",
                  "5.5",
                  "5.0",
                  "5.4"
                ],
                "noSelf": [
                  "5.7",
                  "5.2",
                  "5.1",
                  "5.6",
                  "5.3",
                  "5.0",
                  "5.4"
                ]
              },
              "gross": {
                "all": [
                  "5.4",
                  "5.7",
                  "5.6",
                  "5.0",
                  "5.2",
                  "5.1",
                  "5.3",
                  "5.5"
                ],
                "noSelf": [
                  "5.4",
                  "5.7",
                  "5.6",
                  "5.0",
                  "5.2",
                  "5.1",
                  "5.3"
                ]
              }
            }
          }
        },
        "6": {
          "id": 6,
          "name": "Japan",
          "totals": {
            "normal": 689,
            "transpose": 689,
            "net": 4.263256414560601e-14,
            "gross": 1378
          },
          "ranks": {
            "all": {
              "normal": 3,
              "transpose": 3,
              "net": 1,
              "gross": 3
            },
            "pairs": {
              "normal": {
                "all": [
                  "6.7",
                  "6.4",
                  "6.2",
                  "6.5",
                  "6.0",
                  "6.3",
                  "6.1",
                  "6.6"
                ],
                "noSelf": [
                  "6.7",
                  "6.4",
                  "6.2",
                  "6.5",
                  "6.0",
                  "6.3",
                  "6.1"
                ]
              },
              "transpose": {
                "all": [
                  "6.7",
                  "6.4",
                  "6.2",
                  "6.3",
                  "6.5",
                  "6.1",
                  "6.0",
                  "6.6"
                ],
                "noSelf": [
                  "6.7",
                  "6.4",
                  "6.2",
                  "6.3",
                  "6.5",
                  "6.1",
                  "6.0"
                ]
              },
              "net": {
                "all": [
                  "6.7",
                  "6.1",
                  "6.3",
                  "6.6",
                  "6.2",
                  "6.5",
                  "6.0",
                  "6.4"
                ],
                "noSelf": [
                  "6.7",
                  "6.1",
                  "6.3",
                  "6.2",
                  "6.5",
                  "6.0",
                  "6.4"
                ]
              },
              "gross": {
                "all": [
                  "6.7",
                  "6.4",
                  "6.2",
                  "6.5",
                  "6.3",
                  "6.0",
                  "6.1",
                  "6.6"
                ],
                "noSelf": [
                  "6.7",
                  "6.4",
                  "6.2",
                  "6.5",
                  "6.3",
                  "6.0",
                  "6.1"
                ]
              }
            }
          }
        },
        "7": {
          "id": 7,
          "name": "Others",
          "totals": {
            "normal": 3513.05,
            "transpose": 3513.05,
            "net": -5.684341886080802e-14,
            "gross": 7026.099999999999
          },
          "ranks": {
            "all": {
              "normal": 0,
              "transpose": 0,
              "net": 7,
              "gross": 0
            },
            "pairs": {
              "normal": {
                "all": [
                  "7.2",
                  "7.4",
                  "7.6",
                  "7.1",
                  "7.3",
                  "7.0",
                  "7.5",
                  "7.7"
                ],
                "noSelf": [
                  "7.2",
                  "7.4",
                  "7.6",
                  "7.1",
                  "7.3",
                  "7.0",
                  "7.5"
                ]
              },
              "transpose": {
                "all": [
                  "7.4",
                  "7.2",
                  "7.6",
                  "7.3",
                  "7.0",
                  "7.1",
                  "7.5",
                  "7.7"
                ],
                "noSelf": [
                  "7.4",
                  "7.2",
                  "7.6",
                  "7.3",
                  "7.0",
                  "7.1",
                  "7.5"
                ]
              },
              "net": {
                "all": [
                  "7.4",
                  "7.0",
                  "7.3",
                  "7.7",
                  "7.1",
                  "7.6",
                  "7.5",
                  "7.2"
                ],
                "noSelf": [
                  "7.4",
                  "7.0",
                  "7.3",
                  "7.1",
                  "7.6",
                  "7.5",
                  "7.2"
                ]
              },
              "gross": {
                "all": [
                  "7.2",
                  "7.4",
                  "7.6",
                  "7.1",
                  "7.3",
                  "7.0",
                  "7.5",
                  "7.7"
                ],
                "noSelf": [
                  "7.2",
                  "7.4",
                  "7.6",
                  "7.1",
                  "7.3",
                  "7.0",
                  "7.5"
                ]
              }
            }
          }
        }
      },
      "totalGroup": {
        "normal": 9064.05,
        "transpose": 9064.05,
        "net": 3.552713678800501e-15,
        "gross": 18128.1
      }
    },
    "nameData": [
      "UK",
      "Italy",
      "Germany",
      "France",
      "USA",
      "Canada",
      "Japan",
      "Others"
    ]
  },
  "2015": {
    "dataInfo": {
      "dataExtended": {
        "normal": [
          [
            0,
            11.8,
            39.5,
            22.7,
            54.7,
            7.15,
            6.29,
            283.86
          ],
          [
            24.6,
            0,
            51.5,
            43.1,
            43,
            5.45,
            6.81,
            272.54
          ],
          [
            93.9,
            62.5,
            0,
            102,
            123,
            12.9,
            19.3,
            826.4000000000001
          ],
          [
            37.6,
            35.5,
            72.3,
            0,
            39.1,
            4.97,
            8.49,
            308.04
          ],
          [
            44.8,
            15.5,
            63.3,
            38.1,
            0,
            219,
            63.5,
            935.8
          ],
          [
            8.23,
            1.64,
            3.43,
            2.73,
            289,
            0,
            8.3,
            76.67000000000002
          ],
          [
            10.5,
            3.47,
            21.1,
            8.73,
            129,
            11.2,
            0,
            487
          ],
          [
            206.37000000000003,
            316.59000000000003,
            988.87,
            288.64,
            702.2,
            129.32999999999998,
            558.31,
            0
          ]
        ],
        "transpose": [
          [
            0,
            24.6,
            93.9,
            37.6,
            44.8,
            8.23,
            10.5,
            206.37000000000003
          ],
          [
            11.8,
            0,
            62.5,
            35.5,
            15.5,
            1.64,
            3.47,
            316.59000000000003
          ],
          [
            39.5,
            51.5,
            0,
            72.3,
            63.3,
            3.43,
            21.1,
            988.87
          ],
          [
            22.7,
            43.1,
            102,
            0,
            38.1,
            2.73,
            8.73,
            288.64
          ],
          [
            54.7,
            43,
            123,
            39.1,
            0,
            289,
            129,
            702.2
          ],
          [
            7.15,
            5.45,
            12.9,
            4.97,
            219,
            0,
            11.2,
            129.32999999999998
          ],
          [
            6.29,
            6.81,
            19.3,
            8.49,
            63.5,
            8.3,
            0,
            558.31
          ],
          [
            283.86,
            272.54,
            826.4000000000001,
            308.04,
            935.8,
            76.67000000000002,
            487,
            0
          ]
        ],
        "net": [
          [
            0,
            12.8,
            54.400000000000006,
            14.900000000000002,
            -9.900000000000006,
            1.08,
            4.21,
            -77.48999999999998
          ],
          [
            -12.8,
            0,
            11,
            -7.600000000000001,
            -27.5,
            -3.8100000000000005,
            -3.3399999999999994,
            44.05000000000001
          ],
          [
            -54.400000000000006,
            -11,
            0,
            -29.700000000000003,
            -59.7,
            -9.47,
            1.8000000000000007,
            162.4699999999999
          ],
          [
            -14.900000000000002,
            7.600000000000001,
            29.700000000000003,
            0,
            -1,
            -2.2399999999999998,
            0.2400000000000002,
            -19.400000000000034
          ],
          [
            9.900000000000006,
            27.5,
            59.7,
            1,
            0,
            70,
            65.5,
            -233.5999999999999
          ],
          [
            -1.08,
            3.8100000000000005,
            9.47,
            2.2399999999999998,
            -70,
            0,
            2.8999999999999986,
            52.65999999999997
          ],
          [
            -4.21,
            3.3399999999999994,
            -1.8000000000000007,
            -0.2400000000000002,
            -65.5,
            -2.8999999999999986,
            0,
            71.30999999999995
          ],
          [
            77.48999999999998,
            -44.05000000000001,
            -162.4699999999999,
            19.400000000000034,
            233.5999999999999,
            -52.65999999999997,
            -71.30999999999995,
            0
          ]
        ],
        "gross": [
          [
            0,
            36.400000000000006,
            133.4,
            60.3,
            99.5,
            15.38,
            16.79,
            490.23
          ],
          [
            36.400000000000006,
            0,
            114,
            78.6,
            58.5,
            7.09,
            10.28,
            589.1300000000001
          ],
          [
            133.4,
            114,
            0,
            174.3,
            186.3,
            16.330000000000002,
            40.400000000000006,
            1815.27
          ],
          [
            60.3,
            78.6,
            174.3,
            0,
            77.2,
            7.699999999999999,
            17.22,
            596.6800000000001
          ],
          [
            99.5,
            58.5,
            186.3,
            77.2,
